Score, Seed, Gene
2, 61495, 354004224001405452243334312142510324525312214440340241405134044222543332334204102331403415244311322314452041323504250431440212022202115022041021453145525310210125250451014211331213440001035242205450340052510432545000143244201302235332452220302
2, 994736, 454340255424553333305523402452115520200330232412100242034342032413320135302024431433533202112202020223133512510341511104301454554255155040134332243135015412120310520151212212243430535311035402112143325230001133005402151252453005150412532121254
2, 994736, 455052250024552023005523402452121522200310132452102242034342002421210235314020431423505230112201030123134212510341511354301454004212155140134030050030152143011435511321522052542002134132221201331413211321251241120120450033513134552511215442123
3, 994736, 455353151000552023005503412155121502200310233402122242335342032422210330354024431423505330012251035123234222530345512354301453004315155140104530055030252323211032253321032553542032153130521231332103203032251122133120110255453020030412531521254
3, 994736, 455352231022555225205521405452112122102310222350115543034323231420133210324220235223205330011111123323230320320105500334501152001253102550324220300030155313212012501352303551445401525113231410115410210132251202253120450010553134532525112121025
3, 994736, 055152311113210225005023555433121555152310305420252241214312053451555315120022355425100330311111135103223223320125502334130025254253112015125220550520030321355232253301302003053355525210551401325140203251305120305520110021110234302233223151125
3, 994736, 455352330213252023005523415533521523102201312450152141214323552231155333520122351423305330111313135123231223320105233335501133534322121010125520150530035155250230250305303003052433512211531301135130233552005020105320150052115234202233215322120
3, 994736, 332101230115352150202011450302100221212315501223550045352233102002350153352200501352233305352511535552233233202301212050525520000251201252131202150125555353230012150223331301305533550222133155353015500252230352330520033020532251303332103103125
3, 994736, 355121230515150033055011001330520221103055020330525201111213302521312153351050502522032050230555023003131533220031202032103320553100223233321223052122053535002012152255105202102332521125122122252155502320015552200233035315103351533500521525502
4, 994736, 210121220105350020321511021030313201002555520020102541552213152001300132315230502532050350300355523005233505252011210135102131555100233212321220352122053352002512252552105212501335521025122122022051012325055553250130333312003151515500551022302
4, 994736, 115222322032320130151353222111353011255551211231322505252355112523100153255201312002310250503211123052313230310151320002012512321010335352320201120130103505100213222533100023212302232015022125052030502250020513321051250125525103552052002305500
5, 994736, 351222103325331203031113115151133532100051323002053111530000105151353052311221253323101122050102031000222532011122012152252201350220501012305023122311001231251110221525132320255033300111311505312121001010110135503223021002205131510111235312020
5, 994736, 255355150505023023130502025325203312023050033350515033001552550135532202251025213032031235053102531310012015133352251212322105310033232253230310553105223022335153131110301150115150150255100023153331301133221132152122010531121201222115132110015
5, 994736, 230523022255005505252322225003210255155033250222513005333313202512520322550311121153321221100055132521322135500031330200535021230325332031333250352130201123123520231312225122502322321211000321510125002225011153530051005352313222131110501152050
6, 994736, 255001330252255122133213030251011505532253113133051312235520035052550301310501330032005133513512202221522555355251011535333253502211132311351532220015312055133352315333125233223355153233310051022215032513113310015552310303055105053032135532225
2, 254538, 011111250034540024545014231433202135400505244452132555304031401332152230210521033253105210024404534300221303340140202101022034144002551150350300310554222355451341033401543052031251333512433501533203404101143000024534111410505101232535024234333
6, 218583, 250353310230122555355505123153311055121001553551013523201013031522251310233250321132033223025015122321501312255125023303152532215555500512113323053550120022001352113320102115310311122115551011231530501022530210100135012510225513502501550211505
6, 218583, 211352123350115113235055022251131335202321333152311520332352253151532355013520333035032302122523523202550215550522331252203553001112512233250513133203303320333250150130315523353102035352533055510320251002510110135355205205152315512313505332125
6, 443583, 220353353210251325050122155212033000200331252120025152310315553230305000311325101055113201230131152351202110220335022001103505233112305032213130102300310152535522313100025252152515133533153251210221335055110511203535035203315302311512305020525
6, 443583, 215223330251513233011011231152113522055100323152531201122113532111223113151511522551205355101003235035131031553503031220510101255153150231023555231551020533225535112050203201230111330522115503320030020231305001251550513352122055551552503235325
6, 443583, 155223151032213033011012235151010332355502323550511221301503152110023013151211052051130151031005030023001335102203032055511303353250200031202055331512022252125135225102551001252522330052103013320203010235010005101552053353021015251355520532135
6, 522675, 253353023225111300513002020213123200253330121555030315331151532201111353530501301311232055513311120105023323231232333552310213252315235013155215212513222135521225125013325513032501012352232213501521133122213000555335533015121525025103023030335
6, 522675, 351350333100102550225311552200010130112213221153200153530105015355131013530002003053252050013132533032222135335101532255321032010315505001550235030051525352210201252022021513011032500105255353222103325235355223551332000551033123200103510323511
6, 522675, 353350303050352210235325032500251132050021553231201505252211522232505505221000352055320315255030200032222113011203552215532530221215551000231235105301023321105230513503511533312325102105251325252251135115133152350222030251002550213502021322511
6, 522675, 351353533132215222531021101503513150255052055135325201551205532052032153220155553051310035351355212051221503221501103315312213500053531220231311513050200232501155510202011532213522205051500255253222135330230352103233550321052525353302051052555
6, 522675, 351350501155315202251033100053213532120202202130050301311205532051023152120115030051351325351355315120203503201531103315251112300250531200031311202030031325351255010305015233521323013300525255333120130055131120310222510321255355253205231512305
6, 522675, 355355321533021022110512033231202111022152501123332312122012150023251011150505222053335115005510130551205551212303325130131002202522503225212023012223032032523220350313531251223352052210512315505150211331331353120525013231225010111212125012201
6, 522675, 355355321533021022110512033231202111022152501123332312122012150023251011150505222053335115005510130551205551212303325130131002202522503225212023012223032032523220350313531251223352052210512315505150211331331353120525013231225010111212125012201
6, 522675, 152230033253552050015320320152311550305125003520251510020055132025305532333322530003252155253125130305153355005302252512252250115501135155223250355502023105052201331555523533210355232535512002155501055115211052505221151255333013320110530350301
7, 522675, 351105103253300113010010111153500213133220305222131501332210130012055321201111033123350033251535132315333221311301031222202530321005321230030155312320031231125152323535550251010352052022333220510535533110203300051000051233105500305221023531225
7, 95635, 103313305222003251005025501152112523152125332110302502210331153501202122505531212055355105311011013011233022053215125232000250522333232232051505310330011110200021153255305122025313151510120132101311310351032223251105525552231111320032502135023
6, 961292, 303050202230550051013002030551155032020211252522533122005000332151025511202355155052001212122535323225553553533352511212552030013102025250003221130131350105233021200500025125311023330253022325100050252001222222031052553230200131110321213122051
7, 961292, 321130525101250530353332152103035005223330251032235151152333025513502115223335522155133315302255252250203230002255113120052212152153530310002051512211502555335200553233512552501205221020522025500503350210100212255223550555235202031235055550050
7, 721775, 152351502251223133133032332022102533231031023002135132022152035350011153253032202025310515222553113311225310330323133320351531201210532053035512530333323105351521012221555020215233113525023332505220235321515012131201025230333502021215025310123
7, 721775, 225351501023200023310302055300050011011053301300233522055321252513205111000522221051221253050520105111015552501153300125550135322105033325355303131502533051105121323203313202120003552320531535322115131512152550325013551113111115035122331320213
7, 297590, 335202005250331011311255120151515003553550111123251131223200500335123133203132052051033521130525133332005151130035535235523550133313525323230213251203222555055051155552202223221123510050050355200201121103233220332152302012255251123221233212051
7, 674374, 152220133110231005335223221155550352325522053020022210555213105232330053021100055051015212533330501035153333205510121005501232000005100333021003132325233503535551135123123122335211025551235111053310053233531253213113312105215210033320151220300
7, 674374, 323111155252152535323352212155050110111221555525333203050025150122022131550553112053002235333253200010220015231353121355511232550250011553253510510113013551303051223050050032125025505005023355051030023233511135022352352312201551211325300210305
7, 410351, 113355200121351350250513135100211320335552123312050300131013315211201050153055235051302312250213221302015100253121050355555001305521133205025555305231103030530355012305235331105122300035115150230120525013553222303035515120002051210520122012053
7, 31590, 321335535251123533225111511150253212251523521200551553350332005153550025005533255202221233030015231150023212211001202123212131033302522032520225253125552315123215330215010303211505153035023322101533021300121010011300350155032001530221055305203
7, 814072, 252351051255212503133012031533332532052532015233313325211311331330532352123503153020032102255250111013152030020555035031555122012151132332331335533212030122005300132353515331112330510252330123113052225250200001003252252005501003110133052132105
7, 452217, 350350310215211151132513020523030122505151502151051100302235233050203152522232501055501122020135530533110550232531552512113335112335020252330120301152002303551221121112032520320325023522013203220522013021015505102110132023315335225325311533021
7, 438507, 023355033255520222551100350302132235503052112231555113025151032000201010110113233203253111022100312322300550051230151151022232235013333533053030205500035155502035233013022015312330115015210050125302335221255331033331012025320202011150523133005
7, 682076, 350315222235310525203232520150123202120112035235215321231313522501215311033113033331223151053015503251010102315215121203132310115255023121322031130200532555550235255231011512031152250205111550233535232102251235515502105555121020250120513513515
6, 147133, 051351013215333332030000111535120310233011215013022232315022335123150102000023232333122515253130135320051303135251053535155031330135332031135033011033120523502110112220112333302201253121513533312023200021112315152535232130510053215111012110312
6, 147133, 055350120203122000105111121322223313025135520355032252031350135013053333253503131055322122312310525300220000223205031022512335112252323112103120320352101232050152203023225505111531331211035251035510510203122123333150200311302150031325550213305
6, 147133, 231355012353200500553031335353020032352100303032135305015201323355221115025323233152330232250023520350513310053530120505115531303135235331310352520220351121123151200155200253351533500125212503512311215222111532201225110021305035005305220023055
6, 147133, 203353115220013055520315121350510153111533531503520305221302301102020500150025523050105133023330552510552330115111001130511213302002035311023211552125332505310501512350500150051235205322312023155553112210223523302252210015502230135512255311305
6, 147133, 552351111353255202513510022302202203511011031050330155223203550232502552550152303050531531012105352020055311135220031130350012221301135330051250552125035201320235300311350532050222553350112023151505122235521225303350010335312210131522012312205
6, 147133, 112351130011515202553131520312531033312011132052505225223231531105520551001051353050122121130103123530235002525011355201050515253535051253303150232253021553322532013300151555015202120053522200111223201320151015525153500233515333301521521152013
6, 147133, 352352112251255251100323335031550102503353133523515353112320251120531233002032121252523320122520522150122550310135033023151523311201332323551101121211010535251113521553355315555332201201351120023533203015513012055313130153552220533252313155032
6, 147133, 203355110252223331001323122231231102535153103522553100113525323500321330003053325132203010552100523112220512312215131112100505513510331101235111101322005223202513021522155352515512201201321120023533202515133013002313330133553200013532123153001
6, 147133, 155201251251155311311315023151025305220512232111505521202223130551002132153531535312202021022255321233213020132321035153501255500322313353103333235105010310355310231102352315523223131511223235132111023221530031235153153105315503103315213513512
6, 70913, 022312235152502122120310522321553151015112513023250312522501023231522252211152152055152053033513202203121012220022510110502355353235051321012513222532023111110153003350221330110201502322505321025212112512353553305232021203320501552212323022151
6, 70913, 252353003313311230131053003050033101251301050225015513053202525325521055523025515233250113012333221522032021115535551513111352551312035120005123225351350210533332313201120033502252110215221351535312203335152253205222531510151213353502512351205
6, 70913, 250302130251230553000313230335155112211331251531205325135125212505210153511315325010302031122352055220523030001502500050200110212105215102210100010312312315023230532055332011311131001232233003310055000032010230333020215220122533310031131130525
6, 70913, 355350155250301105112011313151053310222505325250125113200505235005201121111133102211351225511531315120020351153152350122220253331530333012021321022315115055325100131223100502011012355155232125351311551200133300531511013253135235002252035155122
6, 985807, 351533223220022011002510151301105005135333235213325015003003551530551535111052212055351325350322121253321000155023513013553052002021303123513323052332202112322022050013125212235232135250012100103555130551010533312355251010501235521510501321222
4, 398450, 352130013020301555030200001510101110022103112051300500353235525553211332133332113151052012131313350211020322253052111052305153520203250251052220320131322305202351133330531525020212001120305353051025120535321315112111001030552501212000303321015
5, 398450, 352232000252033500232310335510302113322203533005151500301230352502305125253302005201353251102133250325022121332153315111155502500232020025233322021111022230305350030330311323020012011011305153021020300135325315225030055052312503512303321352015
5, 398450, 332355335150225311132050513215322130021201225132520312320125351350531553115523050030322551053200015001010210520252335350235323010125221051020303122001223521335333201525552352035355515123251155353030030013025200153122555503102055501030123235201
6, 398450, 332352155251525020122051012355351205111315003152510015523235035510521535210522050211332552302503110525025250320021135211235311535201010053100303102132221331335325220520152350055351530510051251233010151010351021133521535503152021125235121220311
6, 398450, 332352105351525013110001013213105335111251012152010015333021023310103523050500050553312551352553115555131152220021105251235012310105110051030051313135232531323325001523332350055351530500331351235012113015551221203522535235322033112131122223051
6, 398450, 035011120320221131122351005521222355252025133151003130313010021230535553355051003033335221010001015355130211105233303215005323000555305033321523032210022301122501250330353322010120201222132050511255015123123235510055531321550322251333052313525
6, 398450, 352135335251203325115035205151223205100302250325533211122013325352312112100002120032551331050321110101030351331213515320320313100552255220533322131103211335111251030213102112333001112502032222325235520520211533201215155323015033231210205350015
6, 398450, 331125310253503225555001501152223211200302251320333212122013023153303100102100313323052312053325250221100501321112113301521102202521255005502100015051111115151232555133152313023013532301221523515515520053255313053255513320025323230052301525130
6, 398450, 153025333250115515515021332152112131202112215020352032125033000023303500153110313352352105052121210252505500111025530035115125102521352153050512510121353210151352100003121330205132020223535100151115323523021553305553253220235153155051331022033
7, 840050, 103055033250312512225013330150112111123202211050355022525033023053303150153101013002302351022220510323231211123250130025135152320115052510333532530112223255251235555033312325205025020220532101355515303523021053105355253220235153155051331023003
