Generation 64160
Overall Highscore: 6
Current Generation Highscore: 1

335211352315300320312013221231153223522522553135035010002501123320232110503321120011015523153215303005322525351521323255230503251302221532550353132020003213313555032355312105223512222322311205222250002311112252133102310500211300020121312005111,2
335211350315000320312112221231153253520522553135035010002501123320232110230021521151353332133551302023221331150101353132230533150152251202553353015520000203312021032355321503251510222320151055212250052315112052133102310500211300020121312005111,2
335311350315300320302112221231150023520522553125035012102501123310232312100220120011011523133215303505322511150101353132230533155002251205553353015520030213312011031155321503251000222320251052232250052311112052133102310300311350023121312055111,2
335211350315300320312115221511153220520522353135235000002001020510230110200021521151352312133551302023221331150101352132230533150102251202553353015520020215312011032155321503251510202320121055122250352331112055153102330000211300020121112005210,2
321111320235200300310012221530153223520023052135035300002001023510230110200220521123202112333251302355221335152101353033230223150252255522553151132010003213332211032151321501251510322320121155222250052311132555153102330000211100020121312005111,2
335251250122232100213210221221133223021023531555015003002001020510230110200221521151322112133531300013221031150101353202232533153102051002053353515522002213512011032155321502251500221320152055203250052310013253323102302000211500021221232305111,2
035211050312300320312122221531153223520012353135225003002001020510230110200021521351251012133551302023521331150101353132230533150002251302553353015520000212312013032155320503251510222320151005213250012311112052133102310500211300021125332005111,2
335211053315300320312112211231253223520012553135035003002001020510230110200201221151352312133551302023223331150101053132230523150102251202550353015520000213312011032155321503251510213320151055222250052311102052130102310500211300020121312005111,2
335211350122232100213210221221133223023523531555005321322201153250230115000230520023011023133031332005325111351201353255030155251122051532553353132010000213312011032151321501251510322320121055222250052311112055153102330000211300020121312005111,1
325011300235300310315002201131153223520522553135035000002201020510230110203221521151351312133551352023251331350101053232250533150102251202553313015520005210312511032150321503051510122320151055212250052311112052153102310503211300010121312005212,1
335211320315300320312112221231153221522022553135035010032501123320232110500221120011011521133215303505012515351520323255230503221102221532550353132023003513313555032355312105223512222220151055212250052311112052133102310500211300020221312005121,1
321211350122222100213250231221133223323523031555005151322201133250230311000235520023052023131031332005325111301201353255330155251122051532553353132310023213012011032151321501255510122320121055222250053331112055153102330000511300020121312005111,1
321111320212300300310012221230133223023522531555015321322231153251230115000230520023511023133031332005325111351201255255030155201125051532353352232010000213212511032151321101251510322320121053222250052301122055153102330020211300020221312005111,1
321211320215300300310002223230123223520023053135035300002001013510230110200220525023011023133031332002325111351201150255035055221122051532553353132010000213332011032151320001251510322320121015222250052351312005153102330050211300020121312005111,1
335311350122232100233210211221533221022523031555503321322201153200230115000210520023010023133031332005325121351201353255030155251122051532555353232010000013212011052151321501251515322320151055202250022310113253323102302300211300225321230305111,1
335211550122232100213210221221133223023523531555005321322201153250130115000120520323011023133031332005325111351101353255030155251122051532553353132010000213312011032151321501251510322320121055222250052311112055152103330000211300020121312005311,1
335211350122232100213210221221133223023523531555005321322201153250230115000230520023011023133031332005325111351201353255030155251122051532553353132010000213312011032151321503251510222320151055202250052310113253323102302000211500025221232305111,1
335211350122232100513210221221133223023523531515505321322201153250230115000230520022011023131051302023222531150101353202232533150112051002553303515520001213312011032155321503221511222320151055202252052310135253313122302002211500025221235305111,1
335011053315300320312212221231253223520522553135031003002021020510230113200221521151322212113551302023221331150102353202232533150102051002552353515523000213311011032155321503251510222320151055212250052311112552133102310500211300020121312005111,1
335211350122232100213210221221133223023523531555005321002001020510230110200221521151322312133551302023221331150101353202232533150102052002553353515520000213312011032155321503251510222320151055202250052310113253323102302000211500025221232305111,-2
335211350315310320312115321231153223520522551135005010002501123320232110500231120011011523133215303015322515351521223255231503251102221532550353132020003213215531032355012101023512222322311205222250052311112052133102310500211300320121312005111,-7
311111550122232150213200121201133223023553531555005321322201153250330115000230520023011023133031312005325111351301323255050105251122031522553353132010000213312311032151321501251510322320121052222250052311112055152102330200211302020121312005511,-7
535231350122235100213210321221133323023523531555005321322201151255250115100230020023011023133031332003325111355201353255230155251122051532553353132010000213312011032155311503501500222020151055002550052310113553323102302000211200025221232305111,-7
335211350122232100213210221251133223023523531555005321312201153250231115000230520023011023133031331205325111351221353255030155251122051532553353132010000213312011032051321501251510322320151055202250252310113253023102312000211500025221232305111,-7
115211350315300320312112201231153223520522553035235000002001020512230110200032521151351302133551332023210331150101353132230033150102251202553353010520020213312011002335321503251510222320151055312350052311112352133111310500211300020121312005111,-8
535211350315300320312112221235153223320522553135133010002101123320232125500200120021011523053205303105322515351321323255230203251102251202053353015510000213312011032153321503250510522330111055212250052311112050133112310500211301020121312005311,-8
335211350315300300310012221232153223520033053135535300002001013310230110200220521123202112133251302355521331152101353013230253150252255522553151132010003213312211035155321503251510222320121055222253352315110055153002330000211300020121312305212,-8
335211350315300320312112221230153223520023053135035300002001013510230110200220521123202112133251302355221331152101353033230223150252255522553151132010003213312211032155321503251510222320121055222250352311112055153102330000211300020121312005212,-8
321111220213300300310012211230153223520123113135035300002001113510230110200220521123202112133251302325221311351201353255030155251132051532553353552010000213312011032151311501251510320130221055222250052311512055153102330000211301020101313005111,-8
321112321015300300310012221230153223520023053135520300002001013510250110200220521123202111133221302355221331152101553032230223350221255522553353132010000213312021022151321501251510322320121055222250052311112025103102330000211300020120312005110,-8
321111350215301300310012221230153223520023053135035300002001315515230110200220521123202112233251302355221331152231333033230223150252255522553353132015000213312011032151521501251501322320121055222250052311112050053102330000251300020125312005321,-8
335211050315300520311112221231253222520522553135032003002001023510230110230221521151322312133551301023221331150101353132231533150102251205553353011520000213312011032155321503251510222300151055212250002311112052533102310200211300020121312005111,-8
335211050313300320022112221231253223520522553135032003052005020510530110200221521151322312133551302023221331150101353202232533150131051002553353515520000213312051032155323503251510222320151055202250052310113253323102302000211500025221312005111,-8
335211350315300300310112221531153223520522553135135000002001020510230110200221521151351313133551302023221331150101353132230530150102251102503553015220000213312011032151321503251555221320151055312250052511112052133102310550211300025021312005111,-9
335211350315300320312112221531153223520522353135235000002001020510230110200021521151351312133551302023221331150101353132230533150102251202553353015520000213312011032155321503251510222320151055212250052311112055153102330000211300020121312005212,-9
335215550315300320322112221531103225520525353135235000002001020510250310203021221111251322133551302023221331151101353112200533151102251232553353015520000213312011032155321503151510222350121255222250352311112055153102330200212300021122312003212,-9
335213350315300320312112221531153223520522323135005300002001013510230110200225521123202112133251302325221330152101353033230223150252155522553151132050003213312211032155321003251510222320120055222050152101112055153102330000211510020121312005212,-9
335211350315300320312112251531151223520522353135230000002001020510230310200021521151301312133551302023221331150101353132230533150101251202153303015520000213312215032150321503251510222320121055222250352311112055153102330000211300020121312005212,-9
335211350315300320312112221531153223520522353135235000002001020510230110200021521151351312133551302023221331152101353033230223150252255522553151132010003213312211032155321503251510222320121052222250352311112055153102330000211300020121312005012,-9
335211550315300320312112221531153222520522353135135000002001020510230110200021521151351312133551302023221331150501355132235533150102251202553353015520000213312011032155321503211510222320151055212250052311112052133102310520251300020121312005111,-9